[header]
width=100
height=20
tilewidth=70
tileheight=70
orientation=orthogonal

[tilesets]
tileset=../Downloads/tiles_spritesheet.png,70,70,0,0
tileset=platformerGraphicsDeluxe_Updated/Items/items_spritesheet.png,70,70,0,0

[layer]
type=Tile Layer
data=
43,43,43,43,43,43,43,43,43,43,43,43,43,43,43,43,43,43,43,43,43,43,43,43,43,43,43,43,43,43,43,43,43,43,43,43,43,43,43,43,43,43,43,43,43,43,43,43,43,43,43,43,43,43,43,43,43,43,43,43,43,43,43,43,43,43,43,43,43,43,43,43,43,43,43,43,43,43,43,43,43,43,43,43,43,43,43,43,43,43,43,43,43,43,43,43,43,43,43,43,
43,0,0,0,0,0,0,0,0,0,0,0,0,0,0,0,0,0,0,0,0,0,0,0,0,0,0,0,0,0,0,0,0,0,0,0,0,0,0,0,0,0,0,0,0,0,0,0,0,0,0,0,0,0,0,0,0,0,0,0,0,0,0,0,0,0,0,0,0,0,0,0,0,0,0,0,0,0,0,0,0,0,0,0,0,0,0,0,0,0,0,0,0,0,0,0,0,0,0,43,
43,0,0,0,0,0,0,0,0,0,0,0,0,0,0,0,0,0,0,0,0,0,0,0,0,0,0,0,0,0,0,0,0,0,0,0,0,0,0,0,0,0,0,0,0,0,0,0,0,0,0,0,0,0,0,0,0,0,0,0,0,0,0,0,0,0,0,0,0,0,0,0,0,0,0,0,0,0,0,0,0,0,0,0,0,0,0,0,0,0,0,0,0,0,0,0,0,0,0,43,
43,0,0,0,0,0,0,0,0,0,0,0,0,0,0,0,0,0,0,0,0,0,0,0,0,0,0,0,0,0,0,0,0,0,0,0,0,0,0,0,0,0,0,0,0,0,0,0,0,0,0,0,0,0,0,0,0,0,0,0,0,0,0,0,0,0,0,0,0,0,0,0,0,0,0,0,0,0,0,0,0,0,0,0,0,31,0,0,0,0,0,0,0,0,0,0,0,0,0,43,
43,0,0,0,0,0,0,0,0,0,0,0,0,0,0,0,0,0,0,0,0,0,0,0,0,0,0,0,0,0,0,0,0,0,0,0,0,0,0,0,0,0,0,0,0,0,0,0,0,0,0,0,0,0,0,0,0,0,0,0,0,0,0,0,0,0,0,0,0,0,0,31,0,0,0,0,0,0,0,0,11,12,12,12,12,23,0,0,0,0,0,0,0,0,0,0,0,0,0,43,
43,0,0,0,0,0,0,0,0,0,0,0,0,0,0,0,0,0,0,0,0,0,0,0,0,0,0,0,0,0,0,0,0,0,0,0,0,0,0,0,0,0,0,0,0,0,0,0,0,0,0,0,0,0,0,0,0,0,0,0,0,0,0,0,0,0,11,12,12,12,12,23,0,0,0,0,0,0,0,0,0,0,0,0,0,0,0,0,0,0,0,0,0,0,0,0,0,0,0,43,
43,0,0,0,0,0,0,0,0,0,0,0,0,0,0,0,0,0,0,0,0,0,0,0,0,0,0,0,0,0,0,0,0,0,0,0,0,0,0,0,0,0,0,0,0,0,0,0,0,0,0,0,0,0,0,0,0,0,0,0,0,0,0,0,0,0,0,0,0,0,0,0,0,0,0,0,0,0,0,0,0,0,0,0,0,0,0,0,0,0,0,0,0,0,0,0,0,0,0,43,
43,0,0,0,0,0,0,0,0,0,0,0,0,0,0,0,0,0,0,0,0,0,0,0,0,0,0,0,0,0,0,0,0,0,0,0,0,0,0,0,0,0,0,0,0,0,0,0,0,0,0,0,0,0,0,0,0,0,0,0,0,0,0,0,0,0,0,0,0,0,0,0,0,0,0,0,0,0,0,0,0,0,0,0,0,0,0,0,0,0,0,0,0,0,0,0,0,0,0,43,
43,0,0,0,0,0,0,0,0,0,0,0,0,0,0,0,0,0,0,0,0,0,0,0,0,0,0,0,0,0,0,0,0,0,0,0,0,0,0,0,0,0,0,0,0,0,0,0,0,0,0,0,0,0,0,0,0,0,0,0,0,0,0,0,0,0,0,0,0,0,0,0,0,0,0,0,0,0,0,0,0,0,0,0,0,0,0,0,0,0,0,0,0,0,0,0,0,0,0,43,
43,0,0,0,0,0,0,0,0,0,0,0,0,0,0,0,0,0,0,0,0,0,0,0,0,0,11,12,12,23,0,0,0,0,0,0,0,0,0,0,0,0,0,0,0,0,0,0,0,0,0,0,0,0,0,0,0,0,0,0,0,0,0,0,0,0,0,0,0,0,0,0,0,0,0,0,0,0,0,0,0,0,0,0,0,0,0,0,0,0,0,0,0,0,0,0,0,0,0,43,
43,0,0,0,0,0,0,0,0,0,0,0,0,0,0,0,0,0,0,0,0,0,0,0,0,0,0,0,0,0,0,0,0,0,0,0,0,0,0,0,0,0,0,0,0,0,0,0,0,0,0,0,0,0,0,0,0,0,0,0,0,0,0,0,0,0,0,0,0,0,0,0,0,0,0,0,0,0,0,0,0,0,0,0,0,0,0,0,0,0,0,0,0,0,0,0,0,0,0,43,
43,0,0,0,0,0,0,0,0,0,0,0,0,0,0,0,0,0,0,0,0,0,0,0,0,0,0,0,0,0,0,0,0,0,38,0,0,0,0,0,0,0,0,0,0,0,0,0,0,0,0,0,0,0,0,0,0,0,0,0,0,0,0,0,0,0,0,0,0,0,0,0,0,0,0,0,0,0,0,0,0,0,0,0,0,0,0,0,0,0,0,0,0,0,0,0,0,0,0,43,
43,0,0,0,0,0,0,0,0,0,0,0,0,0,0,0,0,0,0,0,0,0,0,0,0,0,0,0,0,0,11,12,12,12,23,0,0,0,0,0,0,0,0,0,0,0,0,0,0,0,0,0,0,0,0,0,0,0,0,0,0,0,0,0,0,0,0,0,0,0,0,0,0,0,0,0,0,0,0,0,0,0,0,0,0,0,0,0,0,0,0,0,0,0,0,0,0,0,0,43,
43,0,0,0,0,0,0,0,0,0,0,0,0,0,0,0,0,0,0,0,0,0,0,0,0,0,0,0,0,0,0,0,0,0,0,0,0,0,0,0,0,0,0,0,0,0,0,0,0,0,0,0,0,0,0,0,0,0,0,0,0,0,0,0,0,19,0,0,0,0,0,0,0,0,0,0,0,0,0,0,0,0,0,0,0,0,0,130,0,0,0,0,0,0,0,0,0,0,0,43,
43,0,0,0,0,0,0,0,0,0,0,0,0,0,0,0,0,0,0,0,0,0,0,0,0,0,0,0,0,0,0,0,0,0,0,0,0,0,0,0,0,0,0,0,0,0,0,0,0,0,0,0,0,0,0,0,0,0,0,0,0,11,12,12,12,23,0,0,0,0,0,0,0,0,0,130,0,0,0,0,0,0,0,0,0,0,0,142,0,0,0,0,0,0,0,0,0,0,0,43,
43,0,0,0,0,0,0,0,0,0,0,0,0,0,0,0,0,0,0,0,0,0,0,0,0,32,57,57,57,22,0,0,0,0,0,0,0,0,0,0,0,0,0,0,0,0,0,0,0,0,0,0,0,0,0,0,0,0,0,0,0,0,0,0,0,0,0,0,0,0,0,0,0,0,0,142,0,0,0,0,0,0,0,0,0,0,0,142,130,0,0,0,0,0,0,0,0,0,0,43,
43,0,0,0,0,0,0,0,0,0,0,0,0,0,0,0,0,0,0,0,0,130,0,0,0,0,0,0,0,0,0,0,0,0,0,0,0,0,0,0,0,0,0,0,0,0,0,0,0,0,0,0,0,0,0,0,0,0,0,0,0,0,0,0,0,0,0,0,0,0,0,0,0,0,0,142,130,0,0,0,0,0,0,0,0,130,0,142,142,0,0,0,0,0,0,0,0,0,77,43,
43,79,79,8,0,0,0,0,31,37,0,0,0,0,0,0,0,0,0,37,0,142,4,0,0,0,0,0,0,0,0,0,0,31,37,0,0,0,0,0,0,0,0,0,0,4,0,0,0,0,0,37,31,0,0,0,0,0,0,0,0,37,19,0,0,37,37,0,0,0,4,0,0,0,0,142,142,0,0,0,37,0,0,0,0,142,0,142,142,0,0,0,0,0,31,0,0,0,66,43,
57,57,57,57,57,57,57,57,57,57,57,57,57,57,57,57,81,81,81,57,57,57,57,57,57,57,57,57,57,57,57,57,57,57,57,57,81,81,57,57,57,57,57,57,57,57,57,57,57,57,57,57,57,57,81,81,81,57,57,57,57,57,57,57,57,57,57,57,57,57,57,57,57,57,57,57,57,57,57,57,57,57,57,57,57,57,57,57,57,57,57,57,57,57,57,57,57,57,57,57,
9,9,9,9,9,9,9,9,9,9,9,9,9,9,9,9,47,47,47,9,9,9,9,9,9,9,9,9,9,9,9,9,9,9,9,9,47,47,9,9,9,9,9,9,9,9,9,9,9,9,9,9,9,9,47,47,47,9,9,9,9,9,9,9,9,9,9,9,9,9,9,9,9,9,9,9,9,9,9,9,9,9,9,9,9,9,9,9,9,9,9,9,9,9,9,9,9,9,9,9

[Items]
# Coin
type=Coin
location=12,18,0,0

[Items]
# Coin
type=Coin
location=25,18,0,0

[Items]
# Coin
type=Coin
location=26,18,0,0

[Items]
# Coin
type=Coin
location=27,18,0,0

[Items]
# Coin
type=Coin
location=32,12,0,0

[Items]
# Button
type=Button
location=39,18,0,0

[Items]
# Key
type=BlueKey
location=27,9,0,0

[Items]
# Powerup
type=BluePowerup
location=48,16,0,0

[Items]
# Coin
type=Coin
location=67,3,0,0

[Items]
# Coin
type=Coin
location=68,3,0,0

[Items]
# Coin
type=Coin
location=69,3,0,0

[Items]
# Coin
type=Coin
location=69,4,0,0

[Items]
# Coin
type=Coin
location=68,4,0,0

[Items]
# Coin
type=Coin
location=67,4,0,0

[Items]
# Coin
type=Coin
location=67,5,0,0

[Items]
# Coin
type=Coin
location=68,5,0,0

[Items]
# Coin
type=Coin
location=69,5,0,0

[Items]
# Star
type=Star
location=83,4,0,0

[Items]
# Block
type=Block
location=42,18,0,0

[Items]
# Block
type=Block
location=42,17,0,0

[Items]
# Block
type=Block
location=42,16,0,0

[Items]
# Block
type=Block
location=42,15,0,0

[Items]
# Block
type=Block
location=42,14,0,0

[Items]
# Block
type=Block
location=42,13,0,0

[Items]
# Block
type=Block
location=42,12,0,0

[Items]
# Block
type=Block
location=42,11,0,0

[Items]
# Block
type=Block
location=42,10,0,0

[Items]
# Block
type=Block
location=42,9,0,0

[Items]
# Block
type=Block
location=42,8,0,0

[Items]
# Block
type=Block
location=42,7,0,0

[Items]
# Block
type=Block
location=42,6,0,0

[Items]
# Block
type=Block
location=42,5,0,0

[Items]
# Block
type=Block
location=42,4,0,0

[Items]
# Block
type=Block
location=42,3,0,0

[Items]
# Block
type=Block
location=42,11,0,0

[Items]
# Block
type=Block
location=42,12,0,0

[Items]
# Block
type=Block
location=42,2,0,0

[Items]
# Enemy
type=Enemy2
location=24,13,0,0

[Items]
# Enemy
type=Enemy2
location=63,13,0,0

[Items]
# Enemy
type=Enemy2
location=83,16,0,0

[Items]
# Cloud1
type=Cloud1
location=93,6,0,0

[Items]
# Cloud1
type=Cloud1
location=84,8,0,0

[Items]
# Cloud1
type=Cloud1
location=75,6,0,0

[Items]
# Cloud1
type=Cloud1
location=59,5,0,0

[Items]
# Cloud1
type=Cloud1
location=49,7,0,0

[Items]
# Cloud1
type=Cloud1
location=33,4,0,0

[Items]
# Cloud1
type=Cloud1
location=18,5,0,0

[Items]
# Cloud1
type=Cloud1
location=5,5,0,0

[Items]
# Cloud2
type=Cloud2
location=6,5,0,0

[Items]
# Cloud2
type=Cloud2
location=19,5,0,0

[Items]
# Cloud1
type=Cloud1
location=11,8,0,0

[Items]
# Cloud2
type=Cloud2
location=12,8,0,0

[Items]
# Cloud2
type=Cloud2
location=34,4,0,0

[Items]
# Cloud2
type=Cloud2
location=50,7,0,0

[Items]
# Cloud2
type=Cloud2
location=60,5,0,0

[Items]
# Cloud2
type=Cloud2
location=76,6,0,0

[Items]
# Cloud2
type=Cloud2
location=85,8,0,0

[Items]
# Cloud2
type=Cloud2
location=94,6,0,0

[Items]
# OrangePowerup
type=OrangePowerup
location=73,15,0,0

[Items]
# OrangeKey
type=OrangeKey
location=70,5,0,0

