[header]
width=100
height=20
tilewidth=70
tileheight=70
orientation=orthogonal

[tilesets]
tileset=../Downloads/tiles_spritesheet.png,70,70,0,0

[layer]
type=Tile Layer 1
data=
108,108,108,108,108,108,108,108,108,108,108,108,108,108,108,108,108,108,108,108,108,108,108,108,108,108,108,108,108,108,108,108,108,108,108,108,108,108,108,108,108,108,108,108,108,108,108,108,108,108,108,108,108,108,108,108,108,108,108,108,108,108,108,108,108,108,108,108,108,108,108,108,108,108,108,108,108,108,108,108,108,108,108,108,108,108,108,108,108,108,108,108,108,108,108,108,108,108,108,108,
108,0,0,0,0,0,0,0,0,0,0,0,0,0,0,0,0,0,0,0,0,0,0,0,0,0,0,0,0,0,0,0,0,0,0,0,0,0,0,0,0,0,0,0,0,0,0,0,0,0,0,0,0,0,0,0,0,0,0,0,0,0,0,0,0,0,0,0,0,0,0,0,0,0,0,0,0,0,0,0,0,0,0,0,0,0,0,0,0,0,0,0,0,0,0,0,0,0,0,108,
108,0,0,0,0,0,0,0,0,0,0,0,0,0,0,0,0,0,0,0,0,0,0,0,0,0,0,0,0,0,0,0,0,0,0,0,0,0,0,0,0,0,0,0,0,0,0,0,0,0,0,0,0,0,0,0,0,0,0,0,0,0,0,0,0,0,0,0,0,0,0,0,0,0,0,0,0,0,0,0,0,0,0,0,0,0,0,0,0,0,0,0,0,0,0,0,0,0,0,108,
108,0,0,0,0,0,0,0,0,0,0,0,0,0,0,0,0,0,0,0,0,0,0,0,0,0,0,0,0,0,0,0,0,0,0,0,0,0,0,0,0,0,0,0,0,0,0,0,0,0,0,0,0,0,0,0,0,0,0,0,0,0,0,0,0,0,0,0,0,0,0,0,0,0,0,0,0,0,0,0,0,0,0,0,0,0,0,0,0,0,0,0,0,0,0,0,0,0,0,108,
108,0,0,0,0,0,0,0,0,0,0,0,0,0,0,0,0,0,0,0,0,0,0,0,0,0,0,0,0,0,0,0,0,0,0,0,0,0,0,0,0,0,0,0,0,0,0,0,0,0,0,0,0,0,0,0,0,0,0,0,0,0,0,0,0,0,0,0,0,0,0,0,0,0,0,0,0,0,0,0,0,0,0,0,0,0,0,0,0,0,0,0,0,0,0,0,0,0,0,108,
108,0,0,0,0,0,0,0,0,0,0,0,0,0,0,0,0,0,0,0,0,0,0,0,0,0,0,0,0,0,0,0,0,0,0,0,0,0,0,0,0,0,0,0,0,0,0,0,0,0,0,0,0,0,0,0,0,0,0,0,0,0,0,0,0,0,0,0,0,0,0,0,0,0,0,0,0,0,0,0,0,0,0,0,0,0,0,0,0,0,0,0,0,0,0,0,0,0,0,108,
108,0,0,0,0,0,0,0,0,0,0,0,0,0,0,0,0,0,0,0,0,0,0,0,0,0,0,0,0,0,61,0,49,0,0,0,0,0,0,0,0,0,0,0,0,0,0,0,0,0,0,0,0,0,0,0,0,0,0,0,0,0,0,0,0,0,0,0,0,0,0,0,0,0,0,0,0,0,0,0,0,0,0,0,0,0,0,0,0,0,0,0,0,0,0,0,0,0,0,108,
108,0,0,0,0,38,0,0,0,0,0,0,0,0,0,0,0,0,0,0,0,0,0,0,0,0,0,0,0,117,128,128,128,128,139,0,0,0,0,0,0,0,0,0,0,0,0,0,0,0,0,0,0,0,0,0,0,0,0,0,0,0,0,0,0,0,0,0,0,0,0,0,0,0,0,0,0,0,0,0,0,0,0,0,0,0,0,0,0,0,0,0,0,0,0,0,0,0,0,108,
108,0,0,0,117,128,128,128,128,139,0,0,0,0,0,0,0,0,0,0,0,0,0,0,0,0,0,0,0,0,0,0,0,0,0,0,0,0,0,0,0,0,0,0,0,0,0,0,0,0,0,0,0,0,0,0,0,0,0,0,0,0,0,0,0,0,0,0,0,0,0,0,0,0,0,0,0,0,0,0,0,0,0,0,0,0,0,0,0,0,0,0,0,0,0,0,0,0,0,108,
108,0,0,0,0,0,0,0,0,0,0,0,0,0,0,0,0,0,0,0,0,0,0,0,0,0,0,0,0,0,0,0,0,0,0,0,0,0,0,0,0,0,0,0,0,0,0,0,0,0,0,0,0,0,0,0,0,0,0,0,0,0,0,0,0,0,0,0,0,0,0,0,0,0,0,0,0,0,0,0,0,0,0,0,0,0,0,0,0,0,0,0,0,0,0,0,0,0,0,108,
108,0,0,0,0,0,0,0,0,0,0,0,0,0,0,0,0,0,0,0,0,0,0,0,0,0,0,0,0,0,0,0,0,0,0,0,0,0,0,0,0,0,0,0,0,0,0,0,0,0,0,0,0,0,0,0,0,0,0,0,0,0,0,0,0,0,0,0,0,0,0,0,0,0,0,0,117,128,128,128,128,139,0,0,0,0,0,0,0,0,0,0,0,0,0,0,0,0,0,108,
108,0,0,0,0,0,0,0,0,0,0,0,0,0,0,0,0,0,0,0,0,0,0,0,0,0,0,0,0,0,0,0,0,0,0,0,0,0,0,0,0,0,0,0,0,0,38,61,0,0,0,0,0,0,0,0,0,0,0,0,0,0,0,0,0,0,0,0,0,0,0,0,0,0,0,0,0,0,0,0,0,0,0,0,0,0,0,0,0,0,0,0,0,0,0,0,0,0,0,108,
108,0,0,0,0,0,0,0,0,0,0,0,49,0,0,0,0,0,0,0,0,0,0,0,0,0,0,0,0,0,0,0,0,0,0,0,0,0,0,0,0,0,117,128,128,128,128,139,0,0,0,0,0,0,0,0,0,0,0,0,0,0,0,0,0,0,0,0,0,0,0,0,0,0,0,0,0,0,0,0,0,0,0,0,0,0,0,0,0,0,0,0,0,0,0,0,0,0,0,108,
108,0,0,0,0,0,0,94,118,118,118,118,116,0,0,0,0,0,0,0,0,0,0,0,0,0,0,0,38,0,0,0,0,0,0,0,0,0,0,0,0,0,0,0,0,0,0,0,0,0,0,0,0,0,0,0,0,0,0,0,0,0,0,0,0,0,0,0,0,0,0,0,0,0,0,0,0,0,0,0,0,0,0,0,0,0,0,0,0,0,0,0,0,0,0,0,0,0,0,108,
108,0,0,0,0,0,0,0,0,0,0,0,0,0,0,0,0,0,0,0,0,0,0,0,117,128,128,128,128,128,139,0,0,0,0,0,0,0,0,0,0,0,0,0,0,0,0,0,0,0,0,0,0,0,0,0,0,0,0,0,0,0,0,0,0,0,0,0,0,0,0,0,0,0,0,0,0,0,0,0,0,0,0,0,0,0,0,0,0,0,0,0,0,0,0,0,0,0,0,108,
108,0,0,0,0,0,0,0,0,0,0,0,0,0,0,0,0,0,0,0,0,0,0,0,0,0,0,0,0,0,0,0,0,0,0,0,0,0,0,0,0,0,0,0,0,0,0,0,0,0,0,0,0,0,0,0,0,0,0,0,0,0,0,0,0,0,0,0,0,0,0,0,0,0,0,0,0,0,0,0,0,0,0,0,0,0,0,0,0,0,0,0,0,0,0,0,0,0,0,108,
108,0,0,0,0,0,0,0,0,0,0,0,0,0,0,0,0,0,0,0,0,0,0,0,0,0,0,0,0,0,0,0,0,0,0,0,0,0,0,0,0,0,0,0,0,0,0,0,0,0,0,0,0,0,0,0,0,0,0,0,0,0,0,0,0,0,0,0,0,0,0,0,0,0,0,0,0,0,0,0,0,0,0,0,0,0,0,0,0,0,0,0,0,0,0,0,0,0,77,108,
108,0,49,0,0,0,38,0,0,0,0,0,0,0,0,0,0,0,0,0,0,0,0,0,0,0,0,38,0,0,0,49,0,0,0,0,38,0,79,79,79,79,0,0,0,0,0,0,0,0,0,0,0,0,61,0,38,0,0,0,0,61,0,0,24,24,24,24,0,0,49,0,0,0,0,0,0,0,0,0,0,0,0,0,0,8,0,0,49,0,0,0,38,0,0,0,79,79,66,108,
118,118,118,118,118,118,118,118,118,118,118,118,69,69,69,69,69,69,69,69,118,118,118,118,118,118,118,118,61,118,118,118,118,118,118,118,118,118,118,118,118,118,118,118,69,69,69,69,69,69,69,118,118,118,118,118,118,118,118,118,118,118,118,118,118,118,118,118,118,118,118,118,118,118,118,118,118,61,61,61,61,61,61,61,118,118,118,118,118,118,118,118,118,118,118,118,118,118,118,118,
127,127,127,127,127,127,127,127,127,127,127,127,36,36,36,36,36,36,36,36,127,127,127,127,127,127,127,127,127,127,127,127,127,127,127,127,127,127,127,127,127,127,127,127,36,36,36,36,36,36,36,127,127,127,127,127,127,127,127,127,127,127,127,127,127,127,127,127,127,127,127,127,127,127,127,127,127,127,127,127,127,127,127,127,127,127,127,127,127,127,127,127,127,127,127,127,127,127,127,127

[Objects]
# Enemy
type=Enemy2
location=20,13,0,0

[Objects]
# Enemy2
type=Enemy2
location=37,13,0,0

[Objects]
# Enemy2
type=Enemy2
location=57,13,0,0

[Objects]
# Enemy2
type=Enemy2
location=73,15,0,0

[Objects]
# Coin
type=Coin
location=7,8,0,0

[Objects]
# Coin
type=Coin
location=8,8,0,0

[Objects]
# Coin
type=Coin
location=9,13,0,0

[Objects]
# Coin
type=Coin
location=10,13,0,0

[Objects]
# Coin
type=Coin
location=14,17,0,0

[Objects]
# Coin
type=Coin
location=17,17,0,0

[Objects]
# Coin
type=Coin
location=26,14,0,0

[Objects]
# Coin
type=Coin
location=44,12,0,0

[Objects]
# Coin
type=Coin
location=43,12,0,0

[Objects]
# Coin
type=Coin
location=57,18,0,0

[Objects]
# Coin
type=Coin
location=66,14,0,0

[Objects]
# Coin
type=Coin
location=67,14,0,0

[Objects]
# Coin
type=Coin
location=65,14,0,0

[Objects]
# Coin
type=Coin
location=64,14,0,0

[Objects]
# Coin
type=Coin
location=80,16,0,0

[Objects]
# Star
type=Star
location=78,10,0,0

[Objects]
# Star
type=Star
location=79,10,0,0

[Objects]
# Button
type=Button
location=52,18,0,0

[Objects]
# Block
type=Block
location=55,14,0,0

[Objects]
# Block
type=Block
location=55,18,0,0

[Objects]
# Block
type=Block
location=55,17,0,0

[Objects]
# Block
type=Block
location=55,16,0,0

[Objects]
# Block
type=Block
location=55,15,0,0

[Objects]
# Block
type=Block
location=55,13,0,0

[Objects]
# Block
type=Block
location=55,12,0,0

[Objects]
# Block
type=Block
location=55,11,0,0

[Objects]
# Block
type=Block
location=55,10,0,0

[Objects]
# Block
type=Block
location=55,9,0,0

[Objects]
# Block
type=Block
location=55,8,0,0

[Objects]
# Block
type=Block
location=55,7,0,0

[Objects]
# Block
type=Block
location=55,6,0,0

[Objects]
# Block
type=Block
location=55,5,0,0

[Objects]
# Block
type=Block
location=55,4,0,0

[Objects]
# Block
type=Block
location=55,3,0,0

[Objects]
# Block
type=Block
location=55,2,0,0

[Objects]
# OrangePowerup
type=OrangePowerup
location=33,16,0,0

[Objects]
# OrangeKey
type=OrangeKey
location=33,7,0,0

